SandCar/cug_l_v0_f3400.jpg	1150,234,1434,505,11,2
SandCar/cug_l_v10_f11725.jpg	967,388,1078,496,11,2
SandCar/cug_l_v10_f57000.jpg	702,479,1026,952,11,0	939,310,1020,397,11,0
SandCar/cug_l_v3_f13250.jpg	604,120,676,192,11,0
SandCar/cug_v17_f100.jpg	618,248,1023,662,11,0
SandCar/cug_v13_f75.jpg	793,363,954,552,11,0	844,331,947,381,11,0
SandCar/cug_l_v1_f6200.jpg	1526,155,1861,372,11,0
SandCar/cug_v9_f250.jpg	861,170,1110,485,11,0
SandCar/cug_v15_f325.jpg	977,436,1098,552,11,1
SandCar/cug_l_v0_f6950.jpg	1104,180,1180,251,11,1
SandCar/cug_l_v3_f18975.jpg	579,222,826,469,11,0
SandCar/cug_v8_f325.jpg	814,193,1099,549,11,0
SandCar/cug_v0_f625.jpg	961,364,1125,552,11,0
SandCar/cug_l_v9_f64700.jpg	690,70,766,158,11,0	743,47,794,97,11,0
SandCar/cug_v11_f475.jpg	526,572,1033,1080,11,0	816,358,959,511,11,2
SandCar/cug_v10_f50.jpg	906,295,966,362,11,2	912,271,940,297,11,2
SandCar/cug_v13_f200.jpg	762,393,965,640,11,0	838,345,957,429,11,0
SandCar/cug_v13_f650.jpg	814,354,954,538,11,0
SandCar/cug_l_v2_f6075.jpg	310,160,1007,413,11,0
SandCar/cug_l_v0_f10375.jpg	1044,272,1398,419,11,1
SandCar/cug_v3_f75.jpg	816,358,963,540,11,0	849,335,942,362,11,2
SandCar/cug_l_v10_f12125.jpg	988,454,1139,615,11,2
SandCar/cug_v2_f75.jpg	990,475,1361,924,11,1	815,350,963,544,11,0	859,332,945,351,11,2
SandCar/cug_l_v0_f3375.jpg	1106,212,1321,426,11,2
SandCar/cug_l_v3_f60725.jpg	684,336,1280,720,11,0
SandCar/cug_l_v11_f74925.jpg	315,363,443,496,11,1
SandCar/cug_l_v0_f5075.jpg	1119,183,1200,259,11,2	994,136,1057,199,11,2
SandCar/cug_v6_f425.jpg	731,439,1015,804,11,0
SandCar/cug_l_v10_f16150.jpg	874,349,944,424,11,2
SandCar/cug_v17_f225.jpg	618,248,1021,652,11,0
SandCar/cug_v10_f275.jpg	848,329,951,459,11,0
SandCar/cug_v15_f450.jpg	682,465,1022,935,11,0	982,268,1039,298,11,2	1064,268,1128,298,11,2
SandCar/cug_l_v10_f51875.jpg	1034,557,1691,1080,11,0
SandCar/cug_v9_f175.jpg	946,124,1109,318,11,0
SandCar/cug_l_v2_f5950.jpg	1562,238,1785,353,11,1
SandCar/cug_l_v2_f10300.jpg	375,176,538,304,11,1
SandCar/cug_l_v0_f9650.jpg	1329,135,1443,221,11,1
SandCar/cug_v11_f750.jpg	760,394,971,657,11,0
SandCar/cug_v9_f75.jpg	1024,78,1118,195,11,2
SandCar/cug_v5_f325.jpg	753,429,1019,771,11,0
SandCar/cug_l_v2_f1250.jpg	1183,148,1435,260,11,1	261,87,354,175,11,1
SandCar/cug_v16_f350.jpg	303,416,661,793,11,1
SandCar/cug_v13_f125.jpg	783,378,952,603,11,0	839,336,957,481,11,0
SandCar/cug_l_v0_f7875.jpg	1107,178,1183,252,11,1
SandCar/cug_l_v0_f8450.jpg	970,150,1023,213,11,2	1109,180,1183,252,11,2
SandCar/cug_l_v0_f10400.jpg	716,277,1060,420,11,1
SandCar/cug_l_v10_f21075.jpg	854,332,956,452,11,2
SandCar/cug_v10_f425.jpg	952,334,1058,468,11,2
SandCar/cug_l_v2_f2200.jpg	566,216,1117,609,11,1
SandCar/cug_v15_f200.jpg	879,305,950,396,11,2	919,295,972,357,11,2
SandCar/cug_v9_f375.jpg	417,348,1102,1080,11,0
SandCar/cug_v6_f275.jpg	1026,575,1809,1080,11,0	749,419,1001,747,11,0
SandCar/cug_v12_f600.jpg	1600,452,1920,767,11,0
SandCar/cug_l_v0_f14100.jpg	1000,149,1094,250,11,0
SandCar/cug_l_v10_f16350.jpg	1600,452,1918,758,11,0
SandCar/cug_l_v2_f3450.jpg	1427,201,1746,388,11,0
SandCar/cug_l_v0_f13450.jpg	988,143,1069,231,11,0
SandCar/cug_l_v10_f40875.jpg	821,349,954,510,11,0	964,266,982,283,11,2
SandCar/cug_l_v2_f14250.jpg	0,165,664,509,11,0
SandCar/cug_l_v0_f4825.jpg	1118,181,1212,257,11,2
SandCar/cug_l_v2_f8725.jpg	1653,232,1823,333,11,1
SandCar/cug_l_v10_f39350.jpg	448,879,1088,1080,11,0	809,362,964,553,11,0	950,301,1004,361,11,2
SandCar/cug_l_v11_f13225.jpg	378,396,518,522,11,1
SandCar/cug_l_v0_f8650.jpg	1383,279,1642,467,11,1
SandCar/cug_v2_f175.jpg	887,300,958,385,11,2	1064,281,1108,330,11,2
SandCar/cug_l_v2_f9525.jpg	1069,141,1331,264,11,1
SandCar/cug_l_v3_f47400.jpg	548,183,708,350,11,0
SandCar/cug_v7_f300.jpg	856,395,947,485,11,2
SandCar/cug_v8_f200.jpg	1011,87,1116,204,11,0
SandCar/cug_v14_f375.jpg	698,436,1015,889,11,0
SandCar/cug_v0_f700.jpg	1026,484,1475,1029,11,0
SandCar/cug_l_v9_f50950.jpg	477,146,699,406,11,1
SandCar/cug_v5_f125.jpg	871,318,950,422,11,2
SandCar/cug_v11_f550.jpg	441,612,1048,1080,11,0
SandCar/cug_v11_f100.jpg	905,292,953,350,11,2	911,271,945,292,11,2
SandCar/cug_v18_f200.jpg	1135,93,1244,223,11,2
SandCar/cug_v10_f350.jpg	643,462,1009,959,11,0	950,292,1001,360,11,2
SandCar/cug_l_v2_f5875.jpg	459,218,874,401,11,1
SandCar/cug_v1_f100.jpg	896,299,956,366,11,2	1232,362,1443,538,11,0
SandCar/cug_v6_f500.jpg	663,481,1047,988,11,0
SandCar/cug_v6_f150.jpg	1024,573,1781,1080,11,0	797,386,987,622,11,2
SandCar/cug_v3_f325.jpg	728,457,1008,808,11,0
SandCar/cug_l_v7_f13625.jpg	836,274,1208,519,11,0
SandCar/cug_l_v0_f14225.jpg	1049,177,1197,342,11,0
SandCar/cug_v17_f300.jpg	619,250,1025,666,11,0
SandCar/cug_l_v11_f74800.jpg	859,365,1920,1080,11,1
SandCar/cug_l_v1_f1100.jpg	809,114,1192,263,11,1
SandCar/cug_l_v10_f23950.jpg	1003,445,1323,825,11,0
SandCar/cug_l_v0_f850.jpg	1082,187,1362,507,11,0
SandCar/cug_l_v3_f60600.jpg	684,334,1280,720,11,0
SandCar/cug_l_v10_f39425.jpg	953,328,1029,395,11,2	808,333,961,550,11,0
SandCar/cug_l_v3_f46175.jpg	635,154,696,206,11,1
SandCar/cug_l_v4_f5800.jpg	4,235,278,434,11,0
SandCar/cug_l_v0_f8575.jpg	1180,203,1289,302,11,0
SandCar/cug_l_v7_f32050.jpg	1269,238,1524,369,11,1
SandCar/cug_l_v0_f7550.jpg	1107,178,1185,253,11,1
SandCar/cug_l_v3_f47375.jpg	543,182,699,346,11,0
SandCar/cug_l_v2_f1375.jpg	176,109,575,279,11,1
SandCar/cug_v17_f0.jpg	620,250,1027,658,11,0
SandCar/cug_l_v2_f10225.jpg	327,150,441,247,11,1
SandCar/cug_l_v1_f3500.jpg	1576,186,1920,485,11,0
SandCar/cug_l_v11_f12750.jpg	461,515,1140,1063,11,1
SandCar/cug_v11_f675.jpg	764,389,972,660,11,0
SandCar/cug_v11_f225.jpg	961,426,1138,608,11,2	934,307,1002,385,11,2
SandCar/cug_l_v9_f64500.jpg	121,269,625,845,11,0	594,121,752,299,11,0
SandCar/cug_l_v3_f24525.jpg	592,246,861,520,11,1	833,192,1086,380,11,1
SandCar/cug_v5_f200.jpg	848,333,957,467,11,2
SandCar/cug_v13_f375.jpg	392,718,1055,1080,11,0	736,422,999,730,11,0
SandCar/cug_v7_f350.jpg	795,492,957,671,11,1
SandCar/cug_v2_f125.jpg	908,291,961,355,11,2	1070,289,1115,337,11,2
SandCar/cug_l_v2_f9575.jpg	0,120,287,288,11,1
SandCar/cug_l_v3_f32100.jpg	615,135,734,229,11,0
SandCar/cug_v5_f175.jpg	855,324,953,447,11,1
SandCar/cug_l_v10_f53675.jpg	733,407,969,709,11,0	985,429,1273,757,11,0
SandCar/cug_v11_f150.jpg	930,328,1006,402,11,2	940,290,987,328,11,2
SandCar/cug_l_v7_f1200.jpg	1465,249,1771,409,11,0
SandCar/cug_v11_f500.jpg	463,572,1071,1080,11,0	807,362,962,554,11,1
SandCar/cug_l_v3_f5050.jpg	631,139,744,234,11,0
SandCar/cug_v8_f250.jpg	968,112,1112,281,11,0
SandCar/cug_v14_f325.jpg	991,483,1169,667,11,2	889,282,950,367,11,2
SandCar/cug_l_v2_f10150.jpg	295,130,388,212,11,2
SandCar/cug_l_v4_f5775.jpg	202,255,685,559,11,0
SandCar/cug_l_v10_f54325.jpg	1000,475,1390,950,11,0	727,412,971,728,11,0
SandCar/cug_l_v9_f35400.jpg	115,170,290,313,11,1
SandCar/cug_l_v0_f6075.jpg	1270,202,1596,459,11,0
SandCar/cug_l_v2_f6100.jpg	763,163,1324,382,11,0
SandCar/cug_l_v1_f5975.jpg	1568,236,1855,439,11,1
SandCar/cug_l_v9_f75475.jpg	462,97,557,186,11,2
SandCar/cug_l_v2_f3400.jpg	745,179,1262,438,11,0
SandCar/cug_l_v0_f5675.jpg	1124,183,1209,260,11,2	1015,135,1065,189,11,2
SandCar/cug_l_v7_f31525.jpg	850,271,1197,510,11,0
SandCar/cug_l_v3_f60575.jpg	690,335,1280,720,11,1
SandCar/cug_l_v0_f4875.jpg	1117,184,1200,258,11,1
SandCar/cug_v1_f275.jpg	809,374,964,558,11,0	1028,291,1084,344,11,0
SandCar/cug_v1_f625.jpg	642,481,1010,994,11,0
SandCar/cug_v15_f250.jpg	865,321,955,440,11,2	903,304,966,376,11,2	1066,267,1128,298,11,2
SandCar/cug_l_v9_f30950.jpg	958,138,1177,384,11,1
SandCar/cug_v9_f325.jpg	686,258,1110,822,11,0
SandCar/cug_l_v10_f56725.jpg	700,477,1060,960,11,0	944,291,997,346,11,2
SandCar/cug_v18_f175.jpg	1134,79,1234,205,11,2
SandCar/cug_l_v10_f56375.jpg	697,474,1054,955,11,0
SandCar/cug_l_v10_f3625.jpg	987,400,1087,503,11,1
SandCar/cug_l_v9_f39675.jpg	303,233,694,680,11,1
SandCar/cug_v6_f225.jpg	1022,567,1778,1080,11,0	769,408,1002,699,11,0
SandCar/cug_l_v3_f32225.jpg	525,112,575,166,11,0
SandCar/cug_v11_f625.jpg	776,385,969,629,11,0
SandCar/cug_l_v3_f49100.jpg	497,140,586,240,11,2	413,95,445,130,11,2
SandCar/cug_l_v9_f64550.jpg	448,170,698,451,11,0	644,92,763,221,11,0
SandCar/cug_l_v3_f24575.jpg	671,330,1195,720,11,1	676,153,832,272,11,1
SandCar/cug_v5_f250.jpg	832,355,970,523,11,2
SandCar/cug_l_v2_f10275.jpg	357,165,496,281,11,1
SandCar/cug_v14_f450.jpg	508,543,1061,1080,11,0
SandCar/cug_l_v3_f50225.jpg	782,395,1280,720,11,0	610,241,953,570,11,0	804,175,1051,327,11,0
SandCar/cug_l_v9_f75750.jpg	131,187,349,389,11,0
SandCar/cug_l_v0_f5100.jpg	998,136,1056,202,11,0	1119,183,1212,259,11,1
SandCar/cug_l_v11_f74850.jpg	428,349,868,692,11,1
SandCar/cug_l_v2_f3375.jpg	295,175,922,472,11,0
SandCar/cug_l_v3_f60200.jpg	610,270,993,644,11,0
SandCar/cug_l_v1_f1150.jpg	607,124,1019,302,11,1
SandCar/cug_l_v1_f9425.jpg	1559,141,1709,238,11,1
SandCar/cug_v15_f175.jpg	888,300,955,380,11,2	922,290,969,350,11,2
SandCar/cug_v1_f150.jpg	877,313,954,403,11,2	1142,325,1265,437,11,0
SandCar/cug_v4_f325.jpg	1135,239,1457,680,11,0
SandCar/cug_l_v2_f2175.jpg	446,164,796,439,11,1
SandCar/cug_v10_f300.jpg	820,353,955,524,11,0
SandCar/cug_l_v0_f14275.jpg	1093,210,1316,458,11,0
SandCar/cug_v17_f350.jpg	629,258,1082,702,11,0
SandCar/cug_l_v3_f50475.jpg	781,395,1280,720,11,0	608,244,955,567,11,0	547,108,596,154,11,0
SandCar/cug_l_v0_f8375.jpg	968,147,1025,211,11,0	1109,176,1184,252,11,1
SandCar/cug_v6_f50.jpg	1019,580,1784,1080,11,0	823,367,982,570,11,2
SandCar/cug_l_v2_f8650.jpg	628,213,1000,382,11,1
SandCar/cug_l_v0_f10325.jpg	1593,268,1920,417,11,1
SandCar/cug_v3_f25.jpg	820,357,964,527,11,0	852,337,945,358,11,2
SandCar/cug_v2_f25.jpg	985,433,1261,756,11,1
SandCar/cug_l_v1_f775.jpg	820,111,1204,259,11,1
SandCar/cug_v5_f400.jpg	600,502,1011,1075,11,1
SandCar/cug_v11_f425.jpg	579,512,1046,1080,11,0	829,341,956,495,11,2
SandCar/cug_l_v3_f49300.jpg	711,334,1280,720,11,0	474,134,564,223,11,0
SandCar/cug_l_v0_f6900.jpg	1093,175,1169,243,11,1
SandCar/cug_v14_f200.jpg	876,310,948,399,11,2
SandCar/cug_v8_f375.jpg	463,324,1073,1080,11,0
SandCar/cug_v0_f675.jpg	992,425,1304,793,11,0
SandCar/cug_l_v2_f10425.jpg	911,440,1605,900,11,1
SandCar/cug_v13_f600.jpg	846,327,949,447,11,2
SandCar/cug_l_v3_f100.jpg	696,153,846,266,11,0	590,123,668,195,11,0
SandCar/cug_v17_f150.jpg	620,251,1023,663,11,0
SandCar/cug_v3_f175.jpg	760,401,983,675,11,0	835,342,953,404,11,2
SandCar/cug_v13_f25.jpg	797,359,955,534,11,0	852,330,940,364,11,0
SandCar/cug_v6_f300.jpg	848,333,956,453,11,2
SandCar/cug_v12_f325.jpg	678,423,1001,870,11,1
SandCar/cug_v1_f350.jpg	608,498,1028,1074,11,0	925,283,965,329,11,2
SandCar/cug_v9_f200.jpg	927,136,1108,364,11,0
SandCar/cug_l_v10_f83825.jpg	821,365,966,539,11,2
SandCar/cug_v15_f375.jpg	707,444,1034,903,11,0	831,360,964,447,11,2	1026,271,1091,296,11,2	1118,272,1133,297,11,2
SandCar/cug_l_v0_f4550.jpg	1118,184,1202,256,11,1
SandCar/cug_v17_f50.jpg	618,247,1025,657,11,0
SandCar/cug_l_v0_f3450.jpg	1397,355,1918,1060,11,0
SandCar/cug_l_v0_f4950.jpg	1121,183,1201,255,11,2	962,130,1016,185,11,2
SandCar/cug_l_v2_f825.jpg	262,86,355,149,11,2	1707,210,1920,389,11,0	1512,161,1703,255,11,2
SandCar/cug_l_v10_f79525.jpg	989,466,1367,910,11,0
SandCar/cug_l_v0_f8400.jpg	969,150,1022,212,11,2	1108,179,1184,252,11,2
SandCar/cug_l_v1_f850.jpg	820,114,1208,253,11,1
SandCar/cug_l_v0_f10450.jpg	63,306,376,437,11,1
SandCar/cug_l_v0_f9600.jpg	1605,169,1811,303,11,1
SandCar/cug_v11_f350.jpg	742,414,991,754,11,0	852,323,951,420,11,2
SandCar/cug_v11_f700.jpg	759,392,970,661,11,0
SandCar/cug_l_v10_f36575.jpg	961,351,1087,496,11,2
SandCar/cug_l_v9_f64475.jpg	551,137,741,344,11,0	0,398,545,1080,11,0
SandCar/cug_l_v2_f10350.jpg	455,221,692,392,11,1
SandCar/cug_l_v1_f3475.jpg	789,156,1701,740,11,0
SandCar/cug_v13_f525.jpg	879,300,950,383,11,2
SandCar/cug_v13_f175.jpg	770,387,955,622,11,0	843,343,947,387,11,0
SandCar/cug_l_v10_f38750.jpg	449,819,1091,1080,11,0	840,339,959,481,11,0
SandCar/cug_l_v3_f47650.jpg	569,197,763,401,11,0
SandCar/cug_v17_f275.jpg	618,249,1024,650,11,0
SandCar/cug_l_v0_f5875.jpg	1060,144,1149,228,11,0	1311,266,1528,435,11,1
SandCar/cug_l_v1_f8700.jpg	346,252,1046,613,11,1
SandCar/cug_v6_f475.jpg	702,456,1031,890,11,0
SandCar/cug_l_v1_f6175.jpg	1022,135,1685,464,11,0
SandCar/cug_v10_f225.jpg	984,532,1523,1080,11,0	881,305,951,386,11,2	941,273,975,307,11,2	966,264,986,282,11,2
SandCar/cug_l_v10_f24525.jpg	1025,528,1633,1080,11,0	1423,428,1852,781,11,0
SandCar/cug_l_v10_f51075.jpg	953,323,1047,436,11,2
SandCar/cug_l_v3_f69850.jpg	119,203,373,374,11,1
SandCar/cug_l_v7_f975.jpg	1261,234,1500,357,11,0
SandCar/cug_l_v3_f47700.jpg	570,201,766,410,11,0
SandCar/cug_l_v10_f66000.jpg	711,451,1006,846,11,0
SandCar/cug_l_v10_f38250.jpg	787,386,984,633,11,0	912,267,935,294,11,2
SandCar/cug_l_v9_f51000.jpg	616,94,739,235,11,1
SandCar/cug_v11_f650.jpg	766,389,970,639,11,0
SandCar/cug_v11_f200.jpg	952,380,1074,502,11,2	936,300,996,368,11,2	919,283,949,316,11,2
SandCar/cug_l_v3_f49175.jpg	538,182,703,350,11,0	415,108,452,154,11,2
SandCar/cug_l_v9_f64525.jpg	328,207,673,592,11,0	625,108,756,256,11,0
SandCar/cug_l_v9_f64175.jpg	3,544,496,1080,11,0
SandCar/cug_v5_f225.jpg	841,342,963,493,11,0
SandCar/cug_v0_f400.jpg	623,501,1051,1080,11,0
SandCar/cug_l_v2_f10200.jpg	315,143,419,234,11,2
SandCar/cug_l_v3_f50250.jpg	780,390,1280,720,11,0	609,245,953,569,11,0	736,161,913,288,11,0
SandCar/cug_l_v0_f13300.jpg	987,141,1063,231,11,0
SandCar/cug_l_v11_f74825.jpg	544,351,1484,957,11,1
SandCar/cug_l_v10_f51575.jpg	987,415,1221,690,11,0	954,340,1073,471,11,2
SandCar/cug_l_v1_f9450.jpg	1224,118,1478,248,11,1
SandCar/cug_l_v2_f5850.jpg	0,226,460,429,11,1
SandCar/cug_v1_f575.jpg	747,413,970,707,11,0
SandCar/cug_v1_f125.jpg	886,307,955,383,11,2	1177,341,1338,476,11,0
SandCar/cug_l_v7_f15500.jpg	994,314,1578,652,11,0
SandCar/cug_v17_f325.jpg	622,252,1032,680,11,0
SandCar/cug_l_v0_f5925.jpg	1085,152,1189,250,11,0	1628,413,1920,793,11,1
SandCar/cug_v6_f175.jpg	1025,571,1777,1080,11,0	790,387,990,642,11,0
SandCar/cug_v13_f300.jpg	646,458,987,924,11,0	807,362,966,468,11,0
SandCar/cug_v7_f325.jpg	834,437,951,557,11,2
SandCar/cug_l_v2_f9500.jpg	1439,162,1636,263,11,1
SandCar/cug_l_v3_f47425.jpg	552,185,715,354,11,0
SandCar/cug_l_v3_f24275.jpg	493,147,578,242,11,2
SandCar/cug_l_v9_f64600.jpg	581,120,729,296,11,0	691,72,770,167,11,0
SandCar/cug_l_v9_f64250.jpg	0,357,593,1080,11,0
SandCar/cug_l_v3_f49600.jpg	779,395,1280,720,11,0	608,242,954,567,11,0
SandCar/cug_l_v3_f49250.jpg	627,257,983,600,11,0	439,120,501,190,11,0
SandCar/cug_v11_f125.jpg	922,317,985,376,11,2	940,284,983,316,11,2
SandCar/cug_v8_f225.jpg	992,99,1110,237,11,0
SandCar/cug_l_v3_f5025.jpg	676,150,840,265,11,0
SandCar/cug_v14_f350.jpg	1043,648,1412,1076,11,1
SandCar/cug_v0_f375.jpg	706,454,1011,866,11,0
SandCar/cug_v0_f725.jpg	1056,560,1762,1080,11,0
SandCar/cug_l_v9_f50975.jpg	564,117,722,300,11,1
SandCar/cug_l_v2_f8700.jpg	1396,224,1607,344,11,1
SandCar/cug_l_v2_f6175.jpg	1620,195,1896,336,11,0
SandCar/cug_l_v3_f50175.jpg	783,395,1280,720,11,0	608,240,954,563,11,0	1119,229,1280,405,11,0
SandCar/cug_l_v0_f8675.jpg	995,152,1070,236,11,0	958,145,996,186,11,2	1566,353,1918,635,11,1
SandCar/cug_l_v11_f13200.jpg	467,408,720,606,11,1
SandCar/cug_l_v2_f14275.jpg	469,173,1104,470,11,0
SandCar/cug_l_v2_f3475.jpg	1663,210,1914,370,11,0
SandCar/cug_l_v7_f31550.jpg	1155,323,1888,782,11,0
SandCar/cug_l_v3_f60150.jpg	581,244,883,540,11,0
SandCar/cug_l_v1_f1200.jpg	287,134,718,352,11,1
SandCar/cug_v1_f200.jpg	857,333,955,451,11,2	1083,311,1170,383,11,0
SandCar/cug_v9_f350.jpg	572,298,1104,1044,11,0
SandCar/cug_l_v2_f2225.jpg	815,297,1798,958,11,1
SandCar/cug_v6_f250.jpg	1026,573,1762,1080,11,0	762,416,999,721,11,0
SandCar/cug_v12_f625.jpg	1410,385,1693,592,11,0
SandCar/cug_v12_f275.jpg	764,378,974,652,11,1
SandCar/cug_l_v1_f825.jpg	1204,172,1919,838,11,0	822,116,1208,256,11,1
SandCar/cug_l_v10_f12225.jpg	987,455,1151,616,11,2
SandCar/cug_l_v0_f10425.jpg	382,288,717,425,11,1
SandCar/cug_v11_f325.jpg	776,396,979,667,11,0	862,315,950,396,11,2
SandCar/cug_v5_f300.jpg	800,396,996,639,11,2
SandCar/cug_l_v2_f10325.jpg	410,192,600,338,11,1
SandCar/cug_l_v3_f250.jpg	563,112,618,167,11,0	509,100,549,142,11,0
SandCar/cug_l_v2_f1625.jpg	260,86,355,184,11,2
SandCar/cug_v16_f375.jpg	349,451,1120,1080,11,1
SandCar/cug_v2_f350.jpg	624,484,1012,1027,11,0	1045,279,1080,316,11,2
SandCar/cug_v3_f225.jpg	909,300,975,377,11,2
SandCar/cug_v17_f200.jpg	618,246,1027,650,11,0
SandCar/cug_l_v3_f14050.jpg	677,143,796,248,11,1
SandCar/cug_l_v0_f14325.jpg	1191,290,1702,828,11,0
SandCar/cug_l_v2_f775.jpg	259,87,354,185,11,2	794,169,1419,451,11,0
SandCar/cug_l_v10_f51850.jpg	1003,475,1419,991,11,0
SandCar/cug_v9_f150.jpg	968,111,1111,281,11,0
SandCar/cug_v18_f300.jpg	1152,175,1385,479,11,0
SandCar/cug_v4_f275.jpg	1143,144,1312,348,11,0
SandCar/cug_v10_f250.jpg	318,129,453,315,11,0
SandCar/cug_l_v0_f4600.jpg	1119,182,1212,259,11,2
SandCar/cug_l_v10_f83775.jpg	825,360,972,525,11,2
SandCar/cug_l_v3_f60700.jpg	690,334,1280,720,11,0
SandCar/cug_l_v11_f74900.jpg	333,364,508,533,11,1
SandCar/cug_l_v2_f6050.jpg	0,161,567,441,11,0
SandCar/cug_l_v2_f8625.jpg	94,220,537,418,11,1
SandCar/cug_l_v10_f21375.jpg	745,442,996,758,11,2
SandCar/cug_l_v0_f10350.jpg	1332,265,1697,412,11,1
SandCar/cug_l_v10_f39600.jpg	956,341,1050,445,11,2	687,445,1016,880,11,0
SandCar/cug_l_v0_f6125.jpg	1551,294,1919,787,11,0
SandCar/cug_l_v9_f64375.jpg	166,268,647,803,11,0
SandCar/cug_v10_f75.jpg	907,300,977,382,11,2	911,277,942,304,11,2
SandCar/cug_v14_f275.jpg	957,368,1044,457,11,2	908,280,953,343,11,2
SandCar/cug_v8_f300.jpg	895,159,1109,422,11,0
SandCar/cug_l_v10_f12950.jpg	1392,381,1673,577,11,1	996,268,1019,291,11,2
SandCar/cug_v0_f600.jpg	953,340,1079,489,11,0
SandCar/cug_v13_f225.jpg	751,400,970,688,11,0	827,346,959,448,11,0
SandCar/cug_v16_f400.jpg	474,509,1920,1080,11,1
SandCar/cug_l_v3_f32050.jpg	730,161,930,284,11,0
SandCar/cug_v17_f125.jpg	625,254,1024,664,11,0
SandCar/cug_l_v4_f9850.jpg	0,279,348,659,11,0
SandCar/cug_v13_f50.jpg	797,364,956,528,11,0	850,326,943,365,11,0	913,265,934,290,11,2
SandCar/cug_v6_f725.jpg	945,288,994,344,11,2
SandCar/cug_v6_f375.jpg	698,446,1011,822,11,1
SandCar/cug_v1_f325.jpg	732,425,984,750,11,0	930,279,967,322,11,2
SandCar/cug_v9_f275.jpg	822,196,1111,566,11,0
SandCar/cug_v15_f300.jpg	829,350,967,525,11,2	873,320,959,365,11,2	1057,270,1112,295,11,2
SandCar/cug_l_v3_f60825.jpg	686,333,1280,720,11,0
SandCar/cug_v10_f175.jpg	951,369,1115,558,11,0	903,292,953,351,11,2	939,267,964,297,11,2	974,265,994,287,11,2
SandCar/cug_v17_f25.jpg	614,245,1024,655,11,0
SandCar/cug_l_v3_f60425.jpg	688,335,1280,720,11,0
SandCar/cug_l_v2_f14350.jpg	1565,208,1882,395,11,0
SandCar/cug_l_v9_f60475.jpg	113,189,345,392,11,0
SandCar/cug_v1_f75.jpg	906,291,957,349,11,2	1309,394,1605,626,11,0
SandCar/cug_l_v2_f850.jpg	626,148,1309,456,11,0	262,86,356,183,11,2	1518,163,1702,260,11,2
SandCar/cug_l_v10_f51400.jpg	969,376,1132,562,11,2	951,330,1052,444,11,2
SandCar/cug_l_v3_f60300.jpg	671,319,1240,720,11,0
SandCar/cug_l_v10_f57700.jpg	977,429,1250,768,11,0	1422,424,1622,565,11,1	914,274,941,304,11,2
SandCar/cug_l_v0_f5000.jpg	1120,180,1200,257,11,2	969,131,1044,192,11,2
SandCar/cug_l_v7_f950.jpg	1702,279,1920,461,11,0
SandCar/cug_l_v0_f5850.jpg	1247,237,1417,370,11,1	1046,139,1129,218,11,0
SandCar/cug_l_v1_f8725.jpg	1316,206,1668,416,11,1
SandCar/cug_v6_f450.jpg	723,444,1018,831,11,0
SandCar/cug_l_v10_f63025.jpg	1170,314,1277,401,11,0
SandCar/cug_v17_f250.jpg	620,247,1025,648,11,0
SandCar/cug_l_v10_f56500.jpg	697,477,1054,960,11,0	943,272,973,304,11,2
SandCar/cug_v10_f200.jpg	959,421,1214,732,11,0	893,298,953,367,11,2	940,268,969,302,11,2	968,263,990,284,11,2
SandCar/cug_l_v7_f15475.jpg	766,268,1025,451,11,0
SandCar/cug_l_v2_f2075.jpg	293,106,428,236,11,2
SandCar/cug_v9_f100.jpg	1006,92,1117,221,11,2
SandCar/cug_l_v1_f6150.jpg	68,131,1285,660,11,0
SandCar/cug_l_v2_f5925.jpg	1258,226,1538,356,11,1
SandCar/cug_l_v2_f10375.jpg	530,266,844,479,11,1
SandCar/cug_l_v1_f3450.jpg	1772,157,1920,410,11,1
SandCar/cug_l_v3_f49450.jpg	787,392,1280,720,11,0	570,210,814,457,11,0
SandCar/cug_v11_f375.jpg	701,447,1003,865,11,0	845,329,951,449,11,2
SandCar/cug_v11_f725.jpg	759,390,973,658,11,0
SandCar/cug_v5_f350.jpg	659,485,1064,1016,11,0
SandCar/cug_l_v3_f24025.jpg	482,129,545,199,11,2
SandCar/cug_l_v10_f38325.jpg	558,509,1078,1077,11,0	910,269,940,303,11,2
SandCar/cug_v16_f325.jpg	264,394,479,642,11,2
SandCar/cug_l_v2_f1225.jpg	1268,144,1505,265,11,1	258,89,353,173,11,2
SandCar/cug_l_v3_f47675.jpg	568,197,765,403,11,0
SandCar/cug_l_v3_f200.jpg	590,111,659,187,11,0	528,105,575,155,11,0
SandCar/cug_v13_f150.jpg	775,383,951,613,11,0	836,342,955,427,11,0
SandCar/cug_l_v3_f50325.jpg	776,394,1280,720,11,0	608,243,949,566,11,0	629,135,721,215,11,0
SandCar/cug_l_v10_f12275.jpg	987,454,1151,615,11,2
SandCar/cug_l_v10_f53850.jpg	1000,469,1379,932,11,0	727,411,971,725,11,0
SandCar/cug_l_v10_f75850.jpg	1006,486,1445,1014,11,0	964,330,1066,447,11,2
SandCar/cug_l_v3_f13225.jpg	622,125,710,207,11,0
SandCar/cug_v6_f325.jpg	1026,574,1784,1080,11,0	745,429,1009,760,11,0
SandCar/cug_v12_f300.jpg	730,395,981,736,11,1
SandCar/cug_v17_f175.jpg	621,248,1022,653,11,0
SandCar/cug_l_v3_f77575.jpg	542,203,658,314,11,1
SandCar/cug_v17_f75.jpg	618,247,1025,652,11,0
SandCar/cug_l_v10_f84150.jpg	746,436,1001,747,11,2
SandCar/cug_v1_f375.jpg	613,502,1031,1080,11,0	997,277,1033,312,11,0
SandCar/cug_v1_f725.jpg	1339,402,1625,634,11,0	489,558,1067,1080,11,0
SandCar/cug_v9_f225.jpg	894,154,1107,420,11,0
SandCar/cug_v15_f350.jpg	1005,529,1207,740,11,1
SandCar/cug_v8_f350.jpg	694,247,1082,774,11,0
SandCar/cug_v0_f650.jpg	974,391,1196,646,11,0
SandCar/cug_l_v0_f1425.jpg	1763,179,1920,338,11,1
SandCar/cug_l_v10_f53775.jpg	726,411,970,727,11,0	996,458,1354,887,11,0
SandCar/cug_l_v3_f32000.jpg	990,187,1280,380,11,0
SandCar/cug_v13_f275.jpg	701,432,979,800,11,0	819,355,959,454,11,0
SandCar/cug_v7_f250.jpg	871,331,977,463,11,2
SandCar/cug_v3_f0.jpg	820,360,964,527,11,2	852,334,944,359,11,2
SandCar/cug_v4_f300.jpg	1142,183,1369,473,11,0
SandCar/cug_v18_f275.jpg	1147,140,1319,361,11,0
SandCar/cug_l_v2_f2150.jpg	381,128,624,343,11,1
SandCar/cug_v15_f150.jpg	896,293,956,368,11,2	919,286,964,339,11,2
SandCar/cug_v1_f175.jpg	868,324,954,424,11,2	1109,314,1211,407,11,0
SandCar/cug_l_v0_f5975.jpg	1118,155,1248,282,11,0
SandCar/cug_v6_f125.jpg	1022,570,1782,1080,11,0	801,380,983,603,11,2
SandCar/cug_v3_f350.jpg	593,496,998,1053,11,1
SandCar/cug_l_v0_f14250.jpg	1071,192,1244,389,11,0
SandCar/cug_v17_f375.jpg	648,273,1188,720,11,0
SandCar/cug_l_v11_f74875.jpg	365,359,628,587,11,1
SandCar/cug_l_v2_f3350.jpg	0,175,512,511,11,0
SandCar/cug_l_v1_f1175.jpg	443,123,868,326,11,1
SandCar/cug_l_v10_f56825.jpg	697,481,1057,958,11,0	935,301,1006,380,11,2
SandCar/cug_l_v10_f24425.jpg	1000,437,1323,831,11,0
SandCar/cug_l_v10_f51175.jpg	960,344,1078,480,11,2
SandCar/cug_l_v11_f13175.jpg	705,450,1328,858,11,1
SandCar/cug_l_v7_f32025.jpg	1676,279,1920,469,11,1
SandCar/cug_l_v2_f6200.jpg	1790,204,1920,328,11,0
SandCar/cug_l_v2_f1300.jpg	913,136,1210,262,11,1	259,83,356,182,11,1
SandCar/cug_l_v3_f47750.jpg	570,201,765,405,11,0
SandCar/cug_v2_f225.jpg	859,329,948,444,11,2	1055,280,1098,328,11,2
SandCar/cug_l_v2_f10250.jpg	342,157,466,262,11,1
SandCar/cug_l_v11_f12725.jpg	351,450,667,754,11,1
SandCar/cug_v11_f250.jpg	985,508,1270,824,11,1	935,315,1016,407,11,0
SandCar/cug_l_v10_f36025.jpg	961,294,1018,360,11,2
SandCar/cug_l_v9_f64575.jpg	674,86,765,190,11,0	528,140,713,356,11,0
SandCar/cug_v5_f275.jpg	821,373,981,569,11,2
SandCar/cug_l_v10_f56350.jpg	695,470,1056,940,11,0
SandCar/cug_l_v0_f700.jpg	1024,148,1133,294,11,0	974,131,1056,231,11,0
SandCar/cug_v1_f250.jpg	829,356,959,513,11,0	1045,298,1104,352,11,0
SandCar/cug_v1_f600.jpg	699,444,990,839,11,0
SandCar/cug_v15_f275.jpg	856,335,960,478,11,2	888,310,968,386,11,2	1062,265,1129,298,11,2
SandCar/cug_v9_f300.jpg	767,220,1111,655,11,0
SandCar/cug_v17_f400.jpg	691,308,1280,720,11,0
SandCar/cug_l_v0_f14175.jpg	1024,161,1138,288,11,0
SandCar/cug_l_v10_f40400.jpg	1355,414,1725,695,11,0	1061,297,1138,370,11,0
SandCar/cug_l_v3_f79225.jpg	523,107,574,162,11,0	802,493,1280,720,11,1
SandCar/cug_l_v4_f9925.jpg	51,322,739,857,11,0
SandCar/cug_l_v2_f3425.jpg	1123,190,1533,409,11,0
SandCar/cug_v13_f0.jpg	804,360,954,519,11,0	850,327,950,380,11,0
SandCar/cug_l_v0_f4850.jpg	1119,180,1212,258,11,2
SandCar/cug_l_v10_f24350.jpg	995,437,1320,832,11,0
SandCar/cug_l_v0_f6050.jpg	1205,182,1445,385,11,0
SandCar/cug_l_v11_f13250.jpg	335,389,428,483,11,1
SandCar/cug_l_v1_f5950.jpg	793,247,1496,621,11,1
SandCar/cug_l_v3_f48000.jpg	571,203,768,406,11,0
SandCar/cug_l_v0_f8625.jpg	1281,243,1444,379,11,0
SandCar/cug_l_v2_f9550.jpg	558,121,892,269,11,1
SandCar/cug_v2_f100.jpg	1015,511,1495,1080,11,1	808,347,965,557,11,0	856,330,941,355,11,0
SandCar/cug_l_v10_f38575.jpg	449,819,1091,1080,11,0	900,294,955,358,11,2
SandCar/cug_v16_f125.jpg	1001,276,1039,315,11,0	908,285,957,347,11,2
SandCar/cug_v7_f375.jpg	701,456,1042,895,11,0
SandCar/cug_v8_f275.jpg	942,132,1110,332,11,0
SandCar/cug_l_v3_f5075.jpg	596,127,689,212,11,0
SandCar/cug_l_v2_f10175.jpg	302,131,399,220,11,2
SandCar/cug_l_v4_f5750.jpg	655,310,1823,924,11,0
SandCar/cug_v5_f150.jpg	904,295,958,352,11,2
SandCar/cug_l_v9_f64200.jpg	0,446,545,1080,11,0
SandCar/cug_l_v10_f53650.jpg	987,419,1250,724,11,0	737,406,968,702,11,0
SandCar/cug_v11_f175.jpg	877,315,952,406,11,2	905,281,951,315,11,2
SandCar/cug_v11_f525.jpg	490,589,1042,1080,11,0
